[gd_scene load_steps=3 format=3 uid="uid://7xgf8khctk4d"]

[ext_resource type="PackedScene" uid="uid://c04wwjxlgl6b6" path="res://machine.tscn" id="1_ytd86"]
[ext_resource type="PackedScene" uid="uid://b1f1mj4r4gt10" path="res://ball.tscn" id="2_nb2sy"]

[node name="Game" type="Node3D"]

[node name="DirectionalLight3D" type="DirectionalLight3D" parent="."]
transform = Transform3D(1, 0, 0, 0, -0.452793, 0.891616, 0, -0.891616, -0.452793, 0, 3.47943, -1.33161)

[node name="Camera3D" type="Camera3D" parent="."]
transform = Transform3D(-1, -7.16126e-08, 5.01436e-08, -2.8919e-08, 0.812256, 0.583301, -8.25011e-08, 0.583301, -0.812256, 0, 36.5571, -78.452)
current = true

[node name="Machine" parent="." instance=ExtResource("1_ytd86")]
transform = Transform3D(1, 0, 0, 0, 0.807063, 0.590465, 0, -0.590465, 0.807063, 0, 0, 0)

[node name="Ball" parent="." instance=ExtResource("2_nb2sy")]
transform = Transform3D(1, 0, 0, 0, 0.804085, -0.594514, 0, 0.594514, 0.804085, -34.347, 4.43002, 0.30988)
